func1 = 5221.080349
func2 = 358787.941051
func3 = 343124.700005
func4 = 0.242327
func5 = 0.174829
