func1 = 4187.650995
func2 = 257993.814193
func3 = 245430.861208
func4 = 1.377088
func5 = 1.531964
