func1 = 701.379848
func2 = 18081.383856
func3 = 15977.244312
func4 = -0.094477
func5 = 0.569650
