func1 = 263.997120
func2 = 4055.936640
func3 = 3263.945280
func4 = 1.073136
func5 = 1.068515
