func1 = 42.623799
func2 = 427.535060
func3 = 299.663664
func4 = 0.759342
func5 = -1.079220
